4.159743352969285518e-02 7.783904121636014972e-01 1.434252513028138332e-01 3.655693348189151259e-02 9.989840666794136135e-06 9.989840666794136135e-06 9.989840666794136135e-06
7.381614852115578329e-02 8.195765047813134974e-01 9.941557026880165908e-06 1.560630556291244843e-02 7.937846771191707507e-02 1.160269030864763407e-02 9.941557026880165908e-06
1.469631418406182055e-01 8.076387270900455828e-01 9.961514335476341105e-06 9.961514335476341105e-06 4.535828501199445223e-02 9.961514335476341105e-06 9.961514335476341105e-06
1.429105287389495493e-01 7.887654261138166145e-01 6.828473698515684365e-02 9.827040519213336490e-06 9.827040519213336490e-06 9.827040519213336490e-06 9.827040519213336490e-06
1.410071460994627990e-01 7.248398369847581790e-01 9.775143731036016836e-06 9.775143731036016836e-06 1.341139163408549551e-01 9.775143731036016836e-06 9.775143731036016836e-06
1.098582377913163467e-02 6.830204384934361883e-01 9.768796655467424763e-06 9.768796655467424763e-06 2.798201256024321903e-01 2.614430573503363775e-02 9.768796655467424763e-06
9.730479574893364028e-06 7.941938192068275226e-01 9.730479574893364028e-06 9.730479574893364028e-06 1.256866379382563237e-01 8.008062093661652558e-02 9.730479574893364028e-06
9.760290918410516052e-06 7.789959784006919019e-01 2.209552201447160247e-01 9.760290918410516052e-06 9.760290918410516052e-06 9.760290918410516052e-06 9.760290918410516052e-06
2.566855650659255125e-02 7.857592072218542167e-01 1.885330324555757608e-01 9.800953994371983447e-06 9.800953994371983447e-06 9.800953994371983447e-06 9.800953994371983447e-06
2.216364613505872605e-01 7.439045771514094518e-01 3.441941903078778175e-02 9.885616803856155411e-06 9.885616803856155411e-06 9.885616803856155411e-06 9.885616803856155411e-06
3.265024112670783518e-02 7.754889577449668447e-01 9.985590321546797556e-06 9.985590321546797556e-06 1.089173310446922283e-01 8.291351331266853808e-02 9.985590321546797556e-06
1.000280111056007616e-05 8.517311994743946846e-01 7.238645080442085433e-02 4.324766592197620829e-02 2.793753535063785501e-02 1.000280111056007616e-05 4.677142846349372114e-03
9.879411947256866179e-06 8.272825164429933320e-01 1.556399650613787267e-01 1.703800084783891472e-02 9.879411947256866179e-06 9.879411947256866179e-06 9.879411947256866179e-06
1.002661820758968860e-05 8.061764301389064968e-01 3.455409095249764237e-03 2.993654866998054359e-02 1.269436125394439729e-01 1.085018743329262472e-02 2.262778550491897911e-02
1.279354216970773617e-01 5.252612135261067738e-01 6.835499847186710110e-02 5.801220992945049781e-02 2.192379502849232387e-01 1.002334414901927528e-05 1.188182746426115011e-03
2.809315109482723449e-01 9.910097296530881848e-06 3.313774079687886037e-02 9.910097296530881848e-06 9.910097296530881848e-06 9.910097296530881848e-06 6.858911078656626525e-01
1.937280694185377350e-01 9.928579008486261483e-06 1.035433274646989088e-01 2.243977529411869329e-02 9.928579008486261483e-06 9.928579008486261483e-06 6.802590420856191589e-01
1.890984828382344107e-01 9.985725831542158003e-06 5.847618686808896127e-02 9.985725831542158003e-06 9.985725831542158003e-06 5.327957066041653401e-03 7.470674160501404870e-01
9.944739830376987799e-06 9.944739830376987799e-06 9.944739830376987799e-06 9.944739830376987799e-06 1.094310305306462755e-01 3.529783317220130251e-02 8.552313573378308442e-01
1.000642267329842750e-05 1.000642267329842750e-05 1.000642267329842750e-05 1.000642267329842750e-05 7.854752722776581209e-02 9.725906699955546089e-03 9.116865403815855862e-01
1.006514377458328908e-05 1.006514377458328908e-05 1.006514377458328908e-05 4.781350367578786169e-03 8.740974480814141245e-02 1.006514377458328908e-05 9.077686442491814667e-01
1.265666476236151916e-01 1.001042827935300066e-05 5.219393426013431425e-02 1.523190044793500814e-02 1.001042827935300066e-05 3.293377038276150415e-02 7.730537264289950583e-01
1.599676008356963330e-01 3.919191319621089659e-02 9.990498307299057050e-06 9.990498307299057050e-06 9.990498307299057050e-06 9.990498307299057050e-06 8.008005239748635651e-01
1.619606470763710615e-01 1.002793097127263954e-05 5.729125867470739181e-02 1.002793097127263954e-05 1.002793097127263954e-05 2.082670174496557142e-02 7.598913087110421571e-01
1.134893884126075003e-01 2.595387920406732121e-02 1.004187826546628124e-05 2.078509211581597640e-02 6.268393049948048357e-02 1.004187826546628124e-05 7.770676260114978140e-01
1.001600122209965840e-05 1.001600122209965840e-05 1.899530581839504323e-02 9.078720486962583297e-03 2.967245164762097667e-02 1.001600122209965840e-05 9.422234740433551581e-01
9.896993913038033166e-06 9.896993913038033166e-06 1.875138534821009853e-02 9.896993913038033166e-06 2.483155132224115465e-04 9.896993913038033166e-06 9.809607111629151666e-01
9.945068173346827313e-06 9.945068173346827313e-06 8.185035965806215785e-02 9.945068173346827313e-06 9.945068173346827313e-06 9.945068173346827313e-06 9.180999150010709098e-01
1.644415578849208470e-01 9.319275053048461585e-03 1.001733830104762413e-05 3.551015348832247537e-02 1.001733830104762413e-05 1.001733830104762413e-05 7.906989615588050357e-01
2.011078821396365124e-01 1.404748497178896511e-03 4.213344983175150438e-02 9.872745046671572265e-06 9.872745046671572265e-06 4.879068913996288670e-03 7.504551051273434803e-01
1.357784980696334354e-01 8.171570262517332053e-03 2.845652134682297510e-02 1.000724314630107458e-05 5.504887963448368803e-03 8.114235812702267348e-01 1.065493384420484330e-02
2.035494627911681453e-01 6.612427582152164513e-04 9.901836552669562852e-06 9.901836552669562852e-06 9.901836552669562852e-06 7.957496871044059672e-01 9.901836552669562852e-06
8.937927720793521769e-02 1.018843119847064310e-03 9.989684615251820388e-06 8.737473494156898501e-03 3.203038735858770164e-02 8.688140394502426034e-01 9.989684615251820388e-06
1.906145987177247925e-01 1.368543945591403459e-02 9.881853325632181537e-06 9.881853325632181537e-06 9.881853325632181537e-06 7.956604344130586703e-01 9.881853325632181537e-06
1.000780031936788686e-05 1.845573217909698277e-02 7.799919900587155841e-02 3.028337388792174192e-02 1.000780031936788686e-05 8.416623332784853861e-01 3.157934604798550565e-02
7.482861310080234085e-02 9.991918028519634133e-06 9.991918028519634133e-06 9.991918028519634133e-06 3.811427451092685298e-02 8.511940394543145993e-01 3.583309717987049475e-02
3.542473662459859080e-03 9.997361373728100786e-06 1.137241707962709236e-01 1.042968353231232131e-02 9.997361373728100786e-06 8.557451093017640620e-01 1.653856798444540421e-02
2.138183936750146508e-01 1.914631336995819416e-02 9.991163625455593426e-06 3.825950649246471092e-03 9.991163625455593426e-06 7.001423097639738469e-01 6.304705021455594971e-02
6.874961289887161764e-02 1.003935434015576167e-05 8.875062622189079653e-02 2.395888211416167396e-02 1.003935434015576167e-05 7.422724186022673365e-01 7.624838145412825285e-02
5.053919878754150642e-03 9.988675156791193839e-06 1.440018813956923938e-01 9.988675156791193839e-06 9.988675156791193839e-06 8.396066709577766352e-01 1.130756174230638546e-02
3.007326429961738878e-02 1.001594147833419686e-05 3.665795038869541778e-02 1.001594147833419686e-05 6.048752927314864081e-02 8.619376873879713852e-01 1.082353676761048551e-02
9.989867422460496705e-06 9.989867422460496705e-06 1.969341894174579111e-01 2.077112533469644209e-02 9.989867422460496705e-06 6.683313419438193792e-01 1.139333737017589887e-01
3.167166810433449942e-02 1.006011393171584646e-05 2.435657429157637721e-01 1.751486161851085674e-02 1.319672063389133905e-02 5.914092066961290639e-01 1.026317399174388051e-01
1.169655278312115368e-02 1.381635481821250067e-02 4.147642846109271531e-02 1.523994955816923395e-02 3.084965926538916006e-02 8.098429888099439866e-01 7.707806630407114390e-02
7.026403726345135936e-02 1.006580592578658237e-05 2.476825945042871596e-02 4.501351410234293027e-02 5.805222402029829032e-02 7.310631880390253690e-01 7.082871131852767899e-02
1.860122365325029559e-01 6.954972942370899434e-03 7.050686715964854523e-01 9.965113954639510832e-06 7.293482164713832594e-02 2.900936705359313805e-02 9.965113954639510832e-06
2.600068141004234223e-01 1.002674524255134356e-05 5.244497849752876029e-01 1.031632099147679685e-02 2.051969996970844368e-01 1.002674524255134356e-05 1.002674524255134356e-05
1.004154208943396888e-05 1.004154208943396888e-05 7.193561144360501869e-01 3.288326026757236453e-03 1.541474424070468086e-01 9.879105277646950400e-02 2.439698126949726639e-02
2.377840615603579177e-01 1.001041151179002408e-05 5.395221366089645310e-01 3.097619890526653527e-03 1.590129199143764105e-01 6.056324120275098644e-02 1.001041151179002408e-05
2.204687749781660266e-01 1.004992863018975825e-05 7.490577769719032331e-01 1.973280879189958682e-03 1.004992863018975825e-05 1.004992863018975825e-05 2.847001738485015546e-02
2.596321133872443454e-01 5.777749994996835134e-04 5.232499236353922445e-01 9.965099243102649808e-06 9.429308329375789277e-02 1.148127801927153330e-01 7.424359392147620966e-03
1.352590592466725306e-01 9.978158762721659939e-06 6.443240926494711029e-01 9.978158762721659939e-06 1.766327166531754256e-01 4.375419697439304062e-02 9.978158762721659939e-06
1.438213133026814972e-01 9.975068627881433729e-06 4.868505429463286793e-01 9.975068627881433729e-06 3.692882434764783728e-01 9.975068627881433729e-06 9.975068627881433729e-06
2.220043475693491974e-01 5.655156624515158929e-03 5.027844356403705639e-01 9.820868020476964145e-06 2.118439112349003173e-01 5.769250719482395956e-02 9.820868020476964145e-06
1.684295889909483979e-01 9.975366446152532707e-06 2.728203952477639138e-01 9.975366446152532707e-06 5.088842559985682357e-01 9.975366446152532707e-06 4.983583366338096426e-02
1.999836945402202748e-01 1.003469821001521600e-05 4.314451463820788701e-01 1.003469821001521600e-05 3.459200146212992322e-01 2.262104036177163199e-02 1.003469821001521600e-05
1.000445203156722138e-05 5.334747502313988941e-03 4.676825253590987663e-01 5.779509077174350279e-02 4.029440356349485164e-01 6.622359182783200959e-02 1.000445203156722138e-05
1.002541105266320524e-05 1.002541105266320524e-05 3.927738158209287400e-01 2.865837838935879692e-02 4.994602921533465856e-01 7.907743740320789805e-02 1.002541105266320524e-05
9.875294314657954986e-02 9.980970871575287547e-06 4.971932409198428493e-01 9.980970871575287547e-06 3.609952923875167641e-01 9.980970871575287547e-06 4.302858063344604245e-02
2.173054411557354959e-01 9.977811712156234934e-06 4.575985093136683002e-01 9.977811712156234934e-06 3.250561382837475199e-01 9.977811712156234934e-06 9.977811712156234934e-06
1.000649747985911470e-05 1.000649747985911470e-05 6.706817178160566495e-03 9.932431503344401058e-01 1.000649747985911470e-05 1.000649747985911470e-05 1.000649747985911470e-05
8.225501924081057847e-02 1.000100330786614188e-05 3.088940203963509365e-02 6.904829579401272621e-01 2.934200292883673566e-02 1.670106158439745858e-01 1.000100330786614188e-05
4.555813387423995192e-02 9.913794124515174888e-06 7.837012188884317013e-03 9.465651987603774797e-01 9.913794124515174888e-06 9.913794124515174888e-06 9.913794124515174888e-06
2.036576162899372822e-02 1.000197718490807220e-05 1.000197718490807220e-05 9.644340898325964861e-01 7.829522100321943678e-03 1.000197718490807220e-05 7.340620506533181676e-03
1.411270836417678406e-02 1.000633269392933504e-05 1.000633269392933504e-05 9.206296166348880705e-01 1.000633269392933504e-05 2.345295815157590405e-02 4.177469785127734675e-02
9.921106982082372996e-06 2.285006176177203918e-02 3.703511220936998860e-02 9.316542301399625137e-01 9.921106982082372996e-06 8.430832567949124445e-03 9.921106982082372996e-06
3.481046004643083280e-02 9.927577966810438101e-06 6.033101739320314953e-03 9.591167279023815606e-01 9.927577966810438101e-06 9.927577966810438101e-06 9.927577966810438101e-06
9.957325554943613859e-06 9.957325554943613859e-06 9.957325554943613859e-06 9.537797136078249860e-01 4.617049976440037312e-02 9.957325554943613859e-06 9.957325554943613859e-06
4.252767961811382974e-02 1.001392877057277122e-05 1.001392877057277122e-05 9.410050246957055720e-01 1.001392877057277122e-05 1.001392877057277122e-05 1.642723997109831260e-02
9.998646012047017860e-06 9.998646012047017860e-06 9.998646012047017860e-06 7.348039377581001563e-01 6.728578204870215573e-02 1.978702856091494877e-01 9.998646012047017860e-06
9.941383640732058563e-06 9.941383640732058563e-06 9.432997490835278928e-03 6.903301174469098633e-01 4.337369490566862079e-02 2.568333660056641432e-01 9.941383640732058563e-06
1.001592269951455851e-05 1.001592269951455851e-05 3.150758189337245913e-02 7.417821721538482294e-01 1.001592269951455851e-05 2.266701822619812123e-01 1.001592269951455851e-05
1.004474782415131015e-05 1.004474782415131015e-05 1.230134917590100822e-03 7.529108620635901472e-01 5.950281485755350847e-02 1.792695648270261621e-01 7.066533838591741896e-03
6.575767384799882653e-02 3.324994705498322128e-02 9.998329759896717897e-06 6.967506031164020230e-01 5.095537618976648392e-02 1.330376941846914407e-01 2.023870727639813516e-02
6.323563398763186461e-02 2.682908140135146450e-03 9.997878950384418814e-06 2.324133243033784171e-02 1.098183788693238988e-01 7.849800515891838248e-01 1.603169710443710927e-02
6.335514201945824375e-01 7.748303329422919286e-03 1.000509124327126805e-05 2.210718751361630610e-02 2.146788621898393923e-01 1.218942165900524233e-01 1.000509124327126805e-05
5.055627575610225355e-01 1.003347526129425638e-05 1.070454035379918845e-01 5.303796965325340007e-02 2.922000614148898556e-01 2.978363343424323892e-02 1.236014092333780241e-02
5.869964790214123873e-01 1.004440944774771070e-05 6.267866415667938673e-02 5.296530777132061468e-02 1.620694615848582709e-01 8.079548283873488890e-02 5.448456021754678053e-02
6.508566732404663657e-01 3.302529234404760761e-02 8.478250777354771894e-02 1.439951779130130005e-01 9.964415473617349331e-06 8.732041989797806325e-02 9.964415473617349331e-06
5.320261708525347855e-01 2.461759128527515883e-02 1.323523780596499999e-01 8.514798651943282504e-02 2.608725390112128992e-02 1.846838878265452677e-01 1.508473155544071305e-02
7.131772900759916212e-01 5.273486760388166467e-02 9.995478339725834117e-06 7.286020894104487666e-02 8.022898436837540281e-02 8.097865805402700012e-02 9.995478339725834117e-06
5.154839231670464983e-01 1.009100374130831951e-05 1.009100374130831951e-05 3.384004552079550310e-02 3.222876767528023434e-01 1.283580815481316084e-01 1.009100374130831951e-05
5.868469078439190190e-01 4.793684505798320727e-02 4.858483451588496010e-02 5.600192311731366779e-02 1.308938759153997766e-01 1.297256032000729808e-01 1.001034942639337231e-05
6.043860158553053807e-01 2.419827687304722599e-02 9.126074857057799028e-02 6.486924250108432044e-02 1.751600397474829263e-01 4.011565936028049784e-02 1.001709222163575480e-05
4.433311561288279939e-02 1.004062342949632427e-05 1.038456360625097386e-01 4.098762937466925160e-02 3.019117698174898501e-01 4.620243816166634820e-01 4.688742689235535221e-02
1.904566631432557944e-01 2.696431319787719744e-02 1.379722835435617523e-01 4.681880357565099821e-02 5.027745023128694646e-01 3.712906791890775715e-02 5.788436630787706372e-02
5.367736276425196795e-01 3.028018720803102477e-03 1.238114604628564042e-01 1.001542107858602428e-05 2.872909317848706956e-01 1.001542107858602428e-05 4.907593054679294797e-02
3.899740885838993698e-01 1.007846104392827058e-05 5.279311407691961860e-02 6.378035929818207106e-02 3.693507791506977500e-01 7.187570123303672898e-02 5.221587919622066448e-02
3.902850917822806021e-01 1.006434495684656915e-05 9.666735886634068853e-02 4.434249069153430034e-02 3.938452652617165373e-01 3.751747127323269010e-02 3.733225777993838534e-02
2.914468043504293560e-01 1.006254598305242567e-05 2.443279685010457114e-01 6.494758580271273174e-02 2.806986798427061336e-01 3.660881738266912738e-02 8.196008157445390518e-02
1.488969315479186650e-01 1.690130454198714161e-02 2.760003898952837487e-01 2.512318574247474762e-02 4.608990994000835006e-01 7.216910465612705328e-02 9.984216125101355959e-06
1.003746521268185946e-05 1.003746521268185946e-05 2.823154402335495972e-01 6.199038195049073191e-02 6.333216370958336672e-01 1.003746521268185946e-05 2.234242832448788893e-02
3.220976917484841967e-02 4.830355423156840883e-03 2.773404689516579258e-01 7.948571027987116509e-04 6.378222439810082856e-01 1.001231413239997982e-05 4.699229305239745885e-02
3.440804069188267006e-02 1.002489828259310417e-05 2.405527698921885449e-01 4.199154489199047324e-02 6.540440147343898891e-01 1.002489828259310417e-05 2.898357999298315293e-02
1.225268809608224957e-01 3.522770034879649237e-02 3.841339557521088795e-03 1.718105684661374796e-02 7.827057187807114902e-01 3.850730580212542026e-02 9.997703409250245708e-06
1.002753396579437840e-05 4.912177411590026160e-02 1.469834907560806558e-04 8.315937543630412196e-03 8.610508744657374702e-01 7.346990449242334076e-02 7.884498357586557787e-03
9.968557078487875827e-06 8.999596701875921256e-02 3.360401354430545551e-01 5.011430920856112942e-02 4.941227893990413622e-01 9.968557078487875827e-06 2.970686181642666346e-02
8.766313888692051082e-02 9.993336837498210595e-06 8.009514650258935109e-02 9.993336837498210595e-06 8.322017412631401712e-01 9.993336837498210595e-06 9.993336837498210595e-06
2.583198481108804900e-01 8.500049268853833440e-02 9.773001909469762605e-02 9.925221183249184959e-06 5.589198644423338802e-01 9.925221183249184959e-06 9.925221183249184959e-06
9.985808434181504825e-06 4.897340285136780880e-02 2.456753164290681746e-01 3.567249379829207090e-02 6.696488294959694887e-01 9.985808434181504825e-06 9.985808434181504825e-06
1.492435404600779558e-02 1.000817664486397390e-01 1.421044873980854828e-01 8.742139764547654512e-02 6.134323915218349299e-01 2.164029080973868188e-02 2.039531213021670078e-02
2.722141463651306988e-03 3.453674540662380471e-02 3.070307267856168254e-01 2.471597886646816761e-02 5.510750563987134587e-01 7.990937972554618129e-02 9.971353380211858843e-06
2.612694067760690242e-01 4.197246540626568129e-02 2.471662332002061979e-01 2.040774335280465951e-02 4.291642692323410224e-01 9.941016156720757210e-06 9.941016156720757210e-06
1.752022233110037408e-01 1.127097671022277842e-02 1.602174527394283621e-01 5.656073569804100781e-03 6.142679338372645237e-01 1.502993096102596057e-02 1.835540887125049550e-02
1.639618160874269370e-01 6.096527614100730880e-02 1.811763180859287115e-01 4.628917082930051469e-02 5.475874284834060246e-01 9.995186465346854020e-06 9.995186465346854020e-06
