7.633606852150217614e-01 9.949591101715706638e-06 5.175559490643202171e-02 9.949591101715706638e-06 1.674790596666763942e-01 9.949591101715706638e-06 1.737481143856479254e-02
8.226236645637731160e-01 1.329412903164629107e-03 9.538440987047890063e-02 9.958185481330984862e-06 5.921395754004622064e-02 9.958185481330984862e-06 2.142863875157462877e-02
7.966120370335643130e-01 9.853429631604335972e-06 9.853429631604335972e-06 1.199029909601998928e-01 8.344555828770942874e-02 9.853429631604335972e-06 9.853429631604335972e-06
7.923900935694307979e-01 9.891468594809450386e-06 3.082939992062786252e-02 9.891468594809450386e-06 1.767409406355619772e-01 9.891468594809450386e-06 9.891468594809450386e-06
7.815509966325068225e-01 8.061409641998862341e-03 1.462917286109957082e-01 2.099332706593588782e-02 3.984595445491299209e-02 3.246569341870818044e-03 1.001425177900159971e-05
7.245383163609857569e-01 7.585211111790265970e-02 1.196571859239596997e-01 9.852521193508854424e-06 7.992282903357121604e-02 9.852521193508854424e-06 9.852521193508854424e-06
8.251764139552608679e-01 4.276808542988595058e-02 9.812173055245045818e-06 7.975845652780905182e-02 5.226760756787830753e-02 9.812173055245045818e-06 9.812173055245045818e-06
8.076178295333085178e-01 9.873074203608683049e-06 9.873074203608683049e-06 1.877458469664815832e-01 9.873074203608683049e-06 9.873074203608683049e-06 4.596831203395369131e-03
7.771662655839272071e-01 9.750083842817261096e-06 9.750083842817261096e-06 1.150534796257310505e-01 1.077412544549703616e-01 9.750083842817261096e-06 9.750083842817261096e-06
7.332036925010892991e-01 9.841735713174262201e-06 9.841735713174262201e-06 9.841735713174262201e-06 2.667470988203446414e-01 9.841735713174262201e-06 9.841735713174262201e-06
7.848426960970952271e-01 5.978312774932605794e-02 9.977588995767109437e-06 2.684897192796031201e-03 1.526593461937953977e-01 9.977588995767109437e-06 9.977588995767109437e-06
8.220772358251968726e-01 9.860174884542489878e-06 1.453335313240029236e-01 9.860174884542489878e-06 9.860174884542489878e-06 9.860174884542489878e-06 3.254979215126223291e-02
8.406339800771470694e-01 9.928218728190240467e-06 1.172370764613978183e-01 9.928218728190240467e-06 9.928218728190240467e-06 8.863472293225822807e-03 3.323568651204465707e-02
7.996388627237065450e-01 9.992357962545725549e-06 4.580220232207406206e-02 9.992357962545725549e-06 1.279029374884594894e-01 9.628683787635016963e-03 1.700732896219971785e-02
5.184475852540546548e-01 9.957296393336014884e-06 5.288757682905251278e-02 2.279664650778539040e-02 3.816416236474920454e-01 9.957296393336014884e-06 2.420665316882861240e-02
7.989479708042007688e-03 2.630544833676989186e-02 9.956939985224894877e-06 2.159954841474932552e-01 4.275477160514591646e-02 7.069349023225784956e-01 9.956939985224894877e-06
9.972883761482335832e-06 2.522364132324181329e-02 9.972883761482335832e-06 2.251297582304221112e-01 9.972883761482335832e-06 7.015363365482517599e-01 4.808034524679977162e-02
9.964097093889174071e-06 3.487203302190692439e-02 9.964097093889174071e-06 2.015945918007984450e-01 2.200150901051836638e-02 7.415019738754945466e-01 9.964097093889174071e-06
9.982972196761910697e-06 1.450504961927446927e-02 4.458861006440161673e-02 9.982972196761910697e-06 7.148161687923698659e-02 8.693947745204965161e-01 9.982972196761910697e-06
9.959922514820321193e-06 3.970995313519658232e-02 8.682887368453294161e-03 5.979422299909754879e-02 9.959922514820321193e-06 8.917830567297080346e-01 9.959922514820321193e-06
1.001421962816460585e-05 3.952655125789893836e-02 1.524185491164508667e-02 5.686723995402422072e-02 1.001421962816460585e-05 8.852502071548217222e-01 3.094118282353599137e-03
1.001048795878742116e-05 7.070756183502527326e-02 1.001048795878742116e-05 1.309571844933156148e-01 5.707098702400281894e-03 7.715542039669438523e-01 2.105393002639749031e-02
4.247574478820005661e-02 1.909979160485686736e-02 9.973574938348739595e-06 2.780545814586081813e-02 9.364938122787550001e-02 8.113700754312705987e-01 5.589575226997827925e-03
6.245274544038232093e-04 5.886506539059790238e-02 8.421475091876884020e-03 1.108794646723635646e-01 5.117126656090045800e-02 7.670651455686789966e-01 2.973055261178304300e-03
3.323456621644127473e-02 1.305712542921210091e-02 3.714722937386427670e-02 9.607896527607359682e-02 1.004119355441343912e-05 7.849054180820106419e-01 3.556665442884370670e-02
1.004537846450649374e-05 1.004537846450649374e-05 4.309159502413271309e-02 1.004537846450649374e-05 1.680469859107043551e-02 9.400635248709390268e-01 1.004537846450649374e-05
9.804103151540645002e-06 9.804103151540645002e-06 9.804103151540645002e-06 9.804103151540645002e-06 5.562232463657065806e-02 9.443286548476713671e-01 9.804103151540645002e-06
1.001614297964103947e-05 1.001614297964103947e-05 5.987355907378556774e-02 1.001614297964103947e-05 8.245366439410818996e-03 9.318410099148851655e-01 1.001614297964103947e-05
7.889597780963661725e-03 1.134286629495436655e-02 9.990566990834485436e-06 7.892734534444915961e-02 6.619702006421745999e-02 7.925040760501014248e-01 4.312910389832323721e-02
9.997738375674998859e-03 8.483966437236943603e-02 2.073766245810551925e-02 1.259660327044504480e-01 9.918820480533676896e-06 7.584390644484385602e-01 9.918820480533676896e-06
2.796887522409283872e-03 7.886443105090127359e-01 9.971713721853892086e-06 1.268987568049186228e-02 1.887697610601170028e-01 7.079221800525382219e-03 9.971713721853892086e-06
7.011360920866815429e-03 8.428772495993606118e-01 9.945564668117415138e-06 4.771854176815401583e-03 1.453096986089526255e-01 9.945564668117415138e-06 9.945564668117415138e-06
4.958924579273707098e-03 8.793787499226961568e-01 3.308739945969620816e-02 3.366785394741707814e-03 6.754202380142483586e-02 9.998087753795031031e-06 1.165611875441364444e-02
1.602966130528332353e-02 8.130649366782100040e-01 9.898679726683619248e-06 9.898679726683619248e-06 1.708658072975999254e-01 9.898679726683619248e-06 9.898679726683619248e-06
1.841354663009011489e-02 8.381390182891660379e-01 5.874009325834961270e-02 1.724401452339063834e-02 1.001299496581267977e-05 3.163203993969088135e-02 3.582127436434694168e-02
3.375562032526062926e-03 8.527296142540915502e-01 9.967738389757460594e-06 1.195797693584094157e-01 9.967738389757460594e-06 2.428515113980364917e-02 9.967738389757460594e-06
1.003131333446537968e-05 8.582988142952066024e-01 4.840420095088015379e-03 6.227102832407892252e-02 5.076944954694909140e-02 1.180318215818365775e-02 1.200707426715906523e-02
2.633302606897790568e-02 7.475516937055973754e-01 1.000471739404286188e-05 7.830172581724224867e-02 7.548545193674943699e-02 6.338357051348643412e-02 8.934527240552499194e-03
1.000319835079689659e-05 7.379952707529814360e-01 1.000319835079689659e-05 1.523505840132580724e-01 3.341461177576310337e-02 5.684923892955413144e-02 1.937028813174166905e-02
1.003197883315125089e-05 8.752091345960372193e-01 5.922598345597018116e-02 3.778787273415527836e-02 2.270856424269456983e-02 5.048381013476451948e-03 1.003197883315125089e-05
9.996223200207931753e-06 8.711875086614112584e-01 1.242169067197981119e-01 9.996223200207931753e-06 9.996223200207931753e-06 4.555599725989930085e-03 9.996223200207931753e-06
1.005441978937818277e-05 6.518508950421303405e-01 5.385980808744730841e-02 6.566787046982033860e-02 7.218659895324266995e-02 1.217973622161211827e-01 3.462741081144891930e-02
1.005891499962790408e-05 5.964074903844597264e-01 1.059322560048049783e-01 1.625290735678612264e-01 2.179240814980489341e-02 9.735270349578056814e-02 1.597600948228899281e-02
9.983898398739278224e-06 8.065191209176585385e-01 1.216289310996981066e-01 9.983898398739278224e-06 9.983898398739278224e-06 6.636056504998126548e-02 5.461431237466132793e-03
1.005949312886476521e-05 7.360201038595555190e-01 1.116510491321814624e-01 1.005949312886476521e-05 3.397130516589068339e-02 7.194277830849037103e-02 4.639464454762427803e-02
7.548563443332460474e-03 4.142165295775359496e-02 2.222029964774774879e-01 6.978016140713719784e-01 3.100523898769572476e-02 9.967031184348905650e-06 9.967031184348905650e-06
1.003841643359965115e-05 1.003841643359965115e-05 2.976792359027821133e-01 5.440016657006840894e-01 1.415348471990207080e-01 1.003841643359965115e-05 1.675413594821252919e-02
1.004048711129343359e-05 7.639965312375864015e-02 2.326186864801523813e-01 6.873914560631040338e-01 1.004048711129343359e-05 1.630286856558748948e-03 1.939836502203731846e-03
1.001938021929672462e-05 2.743208963380004348e-02 1.611155281040771436e-01 6.027013900522628642e-01 2.000914571277065124e-01 1.001938021929672462e-05 8.639496321714963678e-03
1.006297418164342601e-05 1.006297418164342601e-05 9.759722954838866149e-02 8.222795302307882581e-01 4.163459644961006734e-02 2.605116227011302493e-02 1.241735555273666518e-02
1.935046421476847855e-02 9.999369581110804928e-02 2.202317890282088839e-02 7.796236057435934619e-01 7.484544050312036401e-02 4.153598028076443613e-03 1.001679651231859579e-05
9.974861772870569261e-06 9.808402563105139693e-03 2.183824421385583137e-01 6.568632682365823650e-01 1.149159624764352905e-01 9.974861772870569261e-06 9.974861772870569261e-06
9.976159053920507017e-06 9.976159053920507017e-06 4.769955670386605839e-01 4.178588199385154245e-01 1.051057083866082931e-01 9.976159053920507017e-06 9.976159053920507017e-06
4.379465039035012122e-03 4.065897100012238335e-02 2.840654078419919681e-01 4.793345121824127975e-01 1.915419725864036249e-01 9.835675017099980403e-06 9.835675017099980403e-06
9.991715577943475750e-06 9.991715577943475750e-06 5.074700854503629843e-01 3.353820538049548938e-01 1.030254704743780308e-01 5.409241512357036707e-02 9.991715577943475750e-06
1.002259586209223511e-05 2.901198473579778142e-02 3.307847491733499345e-01 5.603331898833654456e-01 7.358869129321211899e-02 1.002259586209223511e-05 6.261339722550674121e-03
7.990490993300404868e-03 1.397677991735235548e-02 3.377309034404038512e-01 4.466897753242582980e-01 1.461029037681872977e-01 9.968796582956970887e-06 4.749917775991477353e-02
4.249377279180465566e-03 3.204301973836200246e-02 4.091356650750014867e-01 5.187784034108754438e-01 9.972152681229969214e-06 9.972152681229969214e-06 3.577359019121822969e-02
9.969120718644989290e-06 9.969120718644989290e-06 4.125142825275617264e-01 4.677749073836149352e-01 8.770657967672554345e-02 3.197432304994170249e-02 9.969120718644989290e-06
1.001520932304017000e-05 1.001520932304017000e-05 3.705489211805033101e-01 5.515806568221369721e-01 7.783036116006786242e-02 1.001520932304017000e-05 1.001520932304017000e-05
1.000015215681330502e-05 1.000015215681330502e-05 1.811651426372545490e-02 1.000015215681330502e-05 1.229594333411984479e-02 1.000015215681330502e-05 9.695475417935273121e-01
9.998582339296904387e-06 1.583602482621954965e-01 6.209253074470658107e-02 9.998582339296904387e-06 1.060339542847537897e-01 9.998582339296904387e-06 6.734832709613260970e-01
9.928753484028949843e-06 9.928753484028949843e-06 6.984848416176664410e-03 9.928753484028949843e-06 6.640049581384460664e-02 9.928753484028949843e-06 9.265749407560425199e-01
9.978344934201237643e-06 9.978344934201237643e-06 9.978344934201237643e-06 9.978344934201237643e-06 6.294578691523768088e-02 9.978344934201237643e-06 9.370043213600912635e-01
1.002071674883281023e-05 3.050206616217840828e-03 9.079558669522631506e-03 1.002071674883281023e-05 4.551291095169908429e-02 3.956064351357889419e-02 9.027766388154838673e-01
2.670758327138589641e-02 9.946499979105735551e-06 9.946499979105735551e-06 4.896928908353584409e-02 9.946499979105735551e-06 9.946499979105735551e-06 9.242833416451617934e-01
9.885325097198104961e-04 9.993370276630258653e-06 4.245468928280194537e-02 9.993370276630258653e-06 9.993370276630258653e-06 9.993370276630258653e-06 9.565168047263717943e-01
7.383300267879696482e-03 9.991365386190816377e-06 2.588195842216288109e-02 1.320248151901182512e-02 9.991365386190816377e-06 9.991365386190816377e-06 9.535022856947870107e-01
1.002811494663629324e-05 1.002811494663629324e-05 3.176755815506547564e-02 1.002811494663629324e-05 2.981270172589094852e-02 1.394309711438491625e-02 9.244465586598186180e-01
9.941060633760734921e-06 1.398416429949130013e-01 9.941060633760734921e-06 1.216568079835426558e-01 9.941060633760734921e-06 9.941060633760734921e-06 7.384617847790092560e-01
9.870498400101251674e-06 2.081759715686573309e-01 9.870498400101251674e-06 1.096505402839333537e-01 9.870498400101251674e-06 9.870498400101251674e-06 6.821340061538087030e-01
9.909239024864519973e-06 1.745232288903818263e-01 9.909239024864519973e-06 1.033705876362693704e-01 9.909239024864519973e-06 9.909239024864519973e-06 7.220665465172492192e-01
9.984253372870686456e-06 1.253474513191774886e-01 9.984253372870686456e-06 1.327979688409786363e-01 9.984253372870686456e-06 9.984253372870686456e-06 7.418146428263522330e-01
4.128251555961920394e-02 1.073411535504221054e-01 1.001422974096342340e-05 1.001422974096342340e-05 1.261387230236697965e-01 2.902189666740094195e-02 6.961956827394062408e-01
8.392046968350573566e-03 7.791227619934399939e-01 7.377397198782444099e-02 9.998310170866839855e-06 8.518997124458710379e-02 2.173662597767330590e-02 3.177462351795376505e-02
7.776586683219335536e-03 1.474266845453204300e-01 2.154092593448710125e-02 1.124098901007140050e-01 7.108259617037191447e-01 9.975516269933877618e-06 9.975516269933877618e-06
1.002642545323993495e-05 2.608572478288820849e-03 1.572006620887037298e-01 1.757325958828458157e-01 5.957463834412908277e-01 2.672244039848845065e-02 4.197931928492908832e-02
1.004060425446726364e-05 1.151147501791986855e-01 1.549406645987120024e-01 1.004060425446726364e-05 6.541654574482365092e-01 5.847561036310525845e-02 1.728343620223862440e-02
2.411735449376450902e-02 1.294457276744302443e-01 1.000167228976082623e-05 1.185776279456627648e-02 7.199153241789986168e-01 1.628970315326270938e-03 1.130248588706241619e-01
9.722538784215261493e-03 2.449449963846603295e-01 1.341391411272990219e-01 1.001737917233292995e-05 5.342414596802700366e-01 2.255849172442261560e-02 5.438335491996047766e-02
4.474878104461809530e-02 1.084275431687816288e-01 9.985885062535970890e-06 4.424623367715754818e-02 7.542254209169001467e-01 9.985885062535970890e-06 4.833204942241747099e-02
1.009613563245110462e-05 1.365866137920733192e-01 1.793191220291164290e-01 1.797402968033020090e-02 6.569285926711928569e-01 1.009613563245110462e-05 9.171449556022236854e-03
4.529480709323868703e-02 1.717056858254114027e-01 6.766557811133783185e-02 8.767356190694446105e-02 5.970708856773507822e-01 1.002279226236646974e-05 3.057945859345444564e-02
1.687814031589448052e-02 5.096580663414048556e-02 1.066349227787617149e-01 6.410520858114135412e-02 7.174001283731610279e-01 8.586104846644414951e-03 3.542968847025646656e-02
1.003606962380886814e-05 4.415821145488014188e-01 2.794870916175736797e-01 6.356919197634944285e-02 1.334070226316048102e-01 4.456671999831576109e-02 3.737782315773093000e-02
2.593473684979143157e-02 2.344187782426299452e-02 4.139876998720120049e-01 1.243402871241129914e-01 3.267870388960298356e-01 5.334704516627752913e-02 3.216131426751334815e-02
7.206717492322656238e-03 9.995366716176292134e-06 1.320352216531457401e-01 2.884024795864171820e-01 5.166585722213412613e-01 5.567701831334059132e-02 9.995366716176292134e-06
1.006906725519019467e-05 8.409595642345638056e-02 3.180908079972535329e-01 1.024255034019911359e-01 3.729346918958904578e-01 6.564038686143575108e-02 5.680258435271751810e-02
1.004495492476763285e-05 2.761126098512767593e-02 2.068392133956056533e-01 2.540365091317315915e-01 4.376216231115943045e-01 3.571634510542404106e-02 3.816500331559209008e-02
1.007047970203465956e-05 1.007047970203465956e-05 1.826101471134107534e-01 2.366572169537068115e-01 4.517202731828118267e-01 8.116093715296553157e-02 4.783128463770110195e-02
6.234296122989525964e-03 9.778689867785424206e-02 6.126695023318905475e-01 1.137850264101131631e-01 1.533129441005740556e-01 9.988308023234688827e-06 1.620134404855520446e-02
1.003203423365478000e-05 1.003203423365478000e-05 5.491554794897693936e-01 3.094712791929142282e-01 8.432921358348963170e-02 4.135160093945812639e-03 5.288880357141363675e-02
9.994085620283198358e-06 9.994085620283198358e-06 7.831081637878425372e-01 5.611590714778544320e-02 1.095779350143300801e-01 5.116801179318115206e-02 9.994085620283198358e-06
1.002647197191450476e-05 1.002647197191450476e-05 6.071315770059158012e-01 2.308339022105591332e-01 1.159593725426481675e-01 1.733742183982555154e-02 2.871767345710765987e-02
3.260999432207781212e-02 9.728811725739412719e-02 8.446825854386129651e-01 9.999122991153150945e-06 1.579891331329720539e-02 9.999122991153150945e-06 9.600391422635719610e-03
4.546231097916837716e-02 9.150416058699513411e-02 8.566549886368695077e-01 9.996300654051544867e-06 9.996300654051544867e-06 2.759321518603664262e-03 3.599225677055206338e-03
9.823491176970870764e-02 1.000387210683758629e-05 5.310437450174577689e-01 2.877827194720402604e-01 1.000387210683758629e-05 2.413056112393837174e-02 5.878805487264134738e-02
9.978710677197922315e-06 9.978710677197922315e-06 7.505224075249504745e-01 1.412152519025343111e-01 1.082224257298063791e-01 9.978710677197922315e-06 9.978710677197922315e-06
8.977797864828400420e-02 1.880411961887194089e-02 4.913796222267231006e-01 1.824318588215102788e-01 2.175865928543375127e-01 9.913915136529824953e-06 9.913915136529824953e-06
4.570910005962201816e-02 4.546927959734744021e-03 8.089256480450749409e-01 1.010219458218463567e-01 4.720246227507817263e-03 1.001860245201728550e-05 3.506611328376226661e-02
9.635245258185827499e-02 5.865396808004216637e-03 6.550016466309888097e-01 7.553297048368479150e-02 4.863612953582915205e-02 2.873270061145141371e-02 8.987870334818338913e-02
1.615523029962835644e-02 8.709248357998840284e-02 7.730712552328936615e-01 9.977269419902003151e-06 1.170264138506763585e-01 9.977269419902003151e-06 6.634662497973410275e-03
4.169238158119115828e-02 1.126305572742893578e-02 5.393433135809398982e-01 2.196108187979103343e-01 1.623418015540401549e-01 9.981669978834316247e-06 2.573864708851078195e-02
5.061218842981636892e-03 2.899329255926709134e-02 6.667682275053883334e-01 6.761997525150631461e-02 2.079559179405247593e-01 2.359135731140921122e-02 1.001058892262348970e-05
6.019030328490905524e-02 1.000439430729270164e-05 5.668803222941045661e-01 1.607790339364837395e-01 1.680031307729110412e-01 1.000439430729270164e-05 4.412720092297715141e-02
